pybullet build time: Jan 24 2022 10:59:54
b3Warning[examples/Importers/ImportURDFDemo/BulletUrdfImporter.cpp,126]:
expected a world element, continuing without it.[ 0.00000000e+00  4.43627721e-02  8.81575700e-02  1.30823691e-01
  1.71814884e-01  2.10606341e-01  2.46701416e-01  2.79637987e-01
  3.08994367e-01  3.34394710e-01  3.55513816e-01  3.72081299e-01
  3.83885045e-01  3.90773932e-01  3.92659761e-01  3.89518390e-01
  3.81390036e-01  3.68378767e-01  3.50651165e-01  3.28434195e-01
  3.02012300e-01  2.71723758e-01  2.37956353e-01  2.01142405e-01
  1.61753242e-01  1.20293161e-01  7.72929738e-02  3.33032087e-02
 -1.11129356e-02 -5.53868015e-02 -9.89515533e-02 -1.41249434e-01
 -1.81738906e-01 -2.19901584e-01 -2.55248875e-01 -2.87328229e-01
 -3.15728935e-01 -3.40087381e-01 -3.60091707e-01 -3.75485799e-01
 -3.86072567e-01 -3.91716469e-01 -3.92345247e-01 -3.87950850e-01
 -3.78589540e-01 -3.64381169e-01 -3.45507646e-01 -3.22210608e-01
 -2.94788325e-01 -2.63591883e-01 -2.29020690e-01 -1.91517357e-01
 -1.51562037e-01 -1.09666278e-01 -6.63664669e-02 -2.22169699e-02
  2.22169699e-02  6.63664669e-02  1.09666278e-01  1.51562037e-01
  1.91517357e-01  2.29020690e-01  2.63591883e-01  2.94788325e-01
  3.22210608e-01  3.45507646e-01  3.64381169e-01  3.78589540e-01
  3.87950850e-01  3.92345247e-01  3.91716469e-01  3.86072567e-01
  3.75485799e-01  3.60091707e-01  3.40087381e-01  3.15728935e-01
  2.87328229e-01  2.55248875e-01  2.19901584e-01  1.81738906e-01
  1.41249434e-01  9.89515533e-02  5.53868015e-02  1.11129356e-02
 -3.33032087e-02 -7.72929738e-02 -1.20293161e-01 -1.61753242e-01
 -2.01142405e-01 -2.37956353e-01 -2.71723758e-01 -3.02012300e-01
 -3.28434195e-01 -3.50651165e-01 -3.68378767e-01 -3.81390036e-01
 -3.89518390e-01 -3.92659761e-01 -3.90773932e-01 -3.83885045e-01
 -3.72081299e-01 -3.55513816e-01 -3.34394710e-01 -3.08994367e-01
 -2.79637987e-01 -2.46701416e-01 -2.10606341e-01 -1.71814884e-01
 -1.30823691e-01 -8.81575700e-02 -4.43627721e-02 -1.92367069e-16
  4.43627721e-02  8.81575700e-02  1.30823691e-01  1.71814884e-01
  2.10606341e-01  2.46701416e-01  2.79637987e-01  3.08994367e-01
  3.34394710e-01  3.55513816e-01  3.72081299e-01  3.83885045e-01
  3.90773932e-01  3.92659761e-01  3.89518390e-01  3.81390036e-01
  3.68378767e-01  3.50651165e-01  3.28434195e-01  3.02012300e-01
  2.71723758e-01  2.37956353e-01  2.01142405e-01  1.61753242e-01
  1.20293161e-01  7.72929738e-02  3.33032087e-02 -1.11129356e-02
 -5.53868015e-02 -9.89515533e-02 -1.41249434e-01 -1.81738906e-01
 -2.19901584e-01 -2.55248875e-01 -2.87328229e-01 -3.15728935e-01
 -3.40087381e-01 -3.60091707e-01 -3.75485799e-01 -3.86072567e-01
 -3.91716469e-01 -3.92345247e-01 -3.87950850e-01 -3.78589540e-01
 -3.64381169e-01 -3.45507646e-01 -3.22210608e-01 -2.94788325e-01
 -2.63591883e-01 -2.29020690e-01 -1.91517357e-01 -1.51562037e-01
 -1.09666278e-01 -6.63664669e-02 -2.22169699e-02  2.22169699e-02
  6.63664669e-02  1.09666278e-01  1.51562037e-01  1.91517357e-01
  2.29020690e-01  2.63591883e-01  2.94788325e-01  3.22210608e-01
  3.45507646e-01  3.64381169e-01  3.78589540e-01  3.87950850e-01
  3.92345247e-01  3.91716469e-01  3.86072567e-01  3.75485799e-01
  3.60091707e-01  3.40087381e-01  3.15728935e-01  2.87328229e-01
  2.55248875e-01  2.19901584e-01  1.81738906e-01  1.41249434e-01
  9.89515533e-02  5.53868015e-02  1.11129356e-02 -3.33032087e-02
 -7.72929738e-02 -1.20293161e-01 -1.61753242e-01 -2.01142405e-01
 -2.37956353e-01 -2.71723758e-01 -3.02012300e-01 -3.28434195e-01
 -3.50651165e-01 -3.68378767e-01 -3.81390036e-01 -3.89518390e-01
 -3.92659761e-01 -3.90773932e-01 -3.83885045e-01 -3.72081299e-01
 -3.55513816e-01 -3.34394710e-01 -3.08994367e-01 -2.79637987e-01
 -2.46701416e-01 -2.10606341e-01 -1.71814884e-01 -1.30823691e-01
 -8.81575700e-02 -4.43627721e-02 -3.84734139e-16  4.43627721e-02
  8.81575700e-02  1.30823691e-01  1.71814884e-01  2.10606341e-01
  2.46701416e-01  2.79637987e-01  3.08994367e-01  3.34394710e-01
  3.55513816e-01  3.72081299e-01  3.83885045e-01  3.90773932e-01
  3.92659761e-01  3.89518390e-01  3.81390036e-01  3.68378767e-01
  3.50651165e-01  3.28434195e-01  3.02012300e-01  2.71723758e-01
  2.37956353e-01  2.01142405e-01  1.61753242e-01  1.20293161e-01
  7.72929738e-02  3.33032087e-02 -1.11129356e-02 -5.53868015e-02
 -9.89515533e-02 -1.41249434e-01 -1.81738906e-01 -2.19901584e-01
 -2.55248875e-01 -2.87328229e-01 -3.15728935e-01 -3.40087381e-01
 -3.60091707e-01 -3.75485799e-01 -3.86072567e-01 -3.91716469e-01
 -3.92345247e-01 -3.87950850e-01 -3.78589540e-01 -3.64381169e-01
 -3.45507646e-01 -3.22210608e-01 -2.94788325e-01 -2.63591883e-01
 -2.29020690e-01 -1.91517357e-01 -1.51562037e-01 -1.09666278e-01
 -6.63664669e-02 -2.22169699e-02  2.22169699e-02  6.63664669e-02
  1.09666278e-01  1.51562037e-01  1.91517357e-01  2.29020690e-01
  2.63591883e-01  2.94788325e-01  3.22210608e-01  3.45507646e-01
  3.64381169e-01  3.78589540e-01  3.87950850e-01  3.92345247e-01
  3.91716469e-01  3.86072567e-01  3.75485799e-01  3.60091707e-01
  3.40087381e-01  3.15728935e-01  2.87328229e-01  2.55248875e-01
  2.19901584e-01  1.81738906e-01  1.41249434e-01  9.89515533e-02
  5.53868015e-02  1.11129356e-02 -3.33032087e-02 -7.72929738e-02
 -1.20293161e-01 -1.61753242e-01 -2.01142405e-01 -2.37956353e-01
 -2.71723758e-01 -3.02012300e-01 -3.28434195e-01 -3.50651165e-01
 -3.68378767e-01 -3.81390036e-01 -3.89518390e-01 -3.92659761e-01
 -3.90773932e-01 -3.83885045e-01 -3.72081299e-01 -3.55513816e-01
 -3.34394710e-01 -3.08994367e-01 -2.79637987e-01 -2.46701416e-01
 -2.10606341e-01 -1.71814884e-01 -1.30823691e-01 -8.81575700e-02
 -4.43627721e-02 -5.77101208e-16  4.43627721e-02  8.81575700e-02
  1.30823691e-01  1.71814884e-01  2.10606341e-01  2.46701416e-01
  2.79637987e-01  3.08994367e-01  3.34394710e-01  3.55513816e-01
  3.72081299e-01  3.83885045e-01  3.90773932e-01  3.92659761e-01
  3.89518390e-01  3.81390036e-01  3.68378767e-01  3.50651165e-01
  3.28434195e-01  3.02012300e-01  2.71723758e-01  2.37956353e-01
  2.01142405e-01  1.61753242e-01  1.20293161e-01  7.72929738e-02
  3.33032087e-02 -1.11129356e-02 -5.53868015e-02 -9.89515533e-02
 -1.41249434e-01 -1.81738906e-01 -2.19901584e-01 -2.55248875e-01
 -2.87328229e-01 -3.15728935e-01 -3.40087381e-01 -3.60091707e-01
 -3.75485799e-01 -3.86072567e-01 -3.91716469e-01 -3.92345247e-01
 -3.87950850e-01 -3.78589540e-01 -3.64381169e-01 -3.45507646e-01
 -3.22210608e-01 -2.94788325e-01 -2.63591883e-01 -2.29020690e-01
 -1.91517357e-01 -1.51562037e-01 -1.09666278e-01 -6.63664669e-02
 -2.22169699e-02  2.22169699e-02  6.63664669e-02  1.09666278e-01
  1.51562037e-01  1.91517357e-01  2.29020690e-01  2.63591883e-01
  2.94788325e-01  3.22210608e-01  3.45507646e-01  3.64381169e-01
  3.78589540e-01  3.87950850e-01  3.92345247e-01  3.91716469e-01
  3.86072567e-01  3.75485799e-01  3.60091707e-01  3.40087381e-01
  3.15728935e-01  2.87328229e-01  2.55248875e-01  2.19901584e-01
  1.81738906e-01  1.41249434e-01  9.89515533e-02  5.53868015e-02
  1.11129356e-02 -3.33032087e-02 -7.72929738e-02 -1.20293161e-01
 -1.61753242e-01 -2.01142405e-01 -2.37956353e-01 -2.71723758e-01
 -3.02012300e-01 -3.28434195e-01 -3.50651165e-01 -3.68378767e-01
 -3.81390036e-01 -3.89518390e-01 -3.92659761e-01 -3.90773932e-01
 -3.83885045e-01 -3.72081299e-01 -3.55513816e-01 -3.34394710e-01
 -3.08994367e-01 -2.79637987e-01 -2.46701416e-01 -2.10606341e-01
 -1.71814884e-01 -1.30823691e-01 -8.81575700e-02 -4.43627721e-02
 -7.69468277e-16  4.43627721e-02  8.81575700e-02  1.30823691e-01
  1.71814884e-01  2.10606341e-01  2.46701416e-01  2.79637987e-01
  3.08994367e-01  3.34394710e-01  3.55513816e-01  3.72081299e-01
  3.83885045e-01  3.90773932e-01  3.92659761e-01  3.89518390e-01
  3.81390036e-01  3.68378767e-01  3.50651165e-01  3.28434195e-01
  3.02012300e-01  2.71723758e-01  2.37956353e-01  2.01142405e-01
  1.61753242e-01  1.20293161e-01  7.72929738e-02  3.33032087e-02
 -1.11129356e-02 -5.53868015e-02 -9.89515533e-02 -1.41249434e-01
 -1.81738906e-01 -2.19901584e-01 -2.55248875e-01 -2.87328229e-01
 -3.15728935e-01 -3.40087381e-01 -3.60091707e-01 -3.75485799e-01
 -3.86072567e-01 -3.91716469e-01 -3.92345247e-01 -3.87950850e-01
 -3.78589540e-01 -3.64381169e-01 -3.45507646e-01 -3.22210608e-01
 -2.94788325e-01 -2.63591883e-01 -2.29020690e-01 -1.91517357e-01
 -1.51562037e-01 -1.09666278e-01 -6.63664669e-02 -2.22169699e-02
  2.22169699e-02  6.63664669e-02  1.09666278e-01  1.51562037e-01
  1.91517357e-01  2.29020690e-01  2.63591883e-01  2.94788325e-01
  3.22210608e-01  3.45507646e-01  3.64381169e-01  3.78589540e-01
  3.87950850e-01  3.92345247e-01  3.91716469e-01  3.86072567e-01
  3.75485799e-01  3.60091707e-01  3.40087381e-01  3.15728935e-01
  2.87328229e-01  2.55248875e-01  2.19901584e-01  1.81738906e-01
  1.41249434e-01  9.89515533e-02  5.53868015e-02  1.11129356e-02
 -3.33032087e-02 -7.72929738e-02 -1.20293161e-01 -1.61753242e-01
 -2.01142405e-01 -2.37956353e-01 -2.71723758e-01 -3.02012300e-01
 -3.28434195e-01 -3.50651165e-01 -3.68378767e-01 -3.81390036e-01
 -3.89518390e-01 -3.92659761e-01 -3.90773932e-01 -3.83885045e-01
 -3.72081299e-01 -3.55513816e-01 -3.34394710e-01 -3.08994367e-01
 -2.79637987e-01 -2.46701416e-01 -2.10606341e-01 -1.71814884e-01
 -1.30823691e-01 -8.81575700e-02 -4.43627721e-02 -3.75213015e-15
  4.43627721e-02  8.81575700e-02  1.30823691e-01  1.71814884e-01
  2.10606341e-01  2.46701416e-01  2.79637987e-01  3.08994367e-01
  3.34394710e-01  3.55513816e-01  3.72081299e-01  3.83885045e-01
  3.90773932e-01  3.92659761e-01  3.89518390e-01  3.81390036e-01
  3.68378767e-01  3.50651165e-01  3.28434195e-01  3.02012300e-01
  2.71723758e-01  2.37956353e-01  2.01142405e-01  1.61753242e-01
  1.20293161e-01  7.72929738e-02  3.33032087e-02 -1.11129356e-02
 -5.53868015e-02 -9.89515533e-02 -1.41249434e-01 -1.81738906e-01
 -2.19901584e-01 -2.55248875e-01 -2.87328229e-01 -3.15728935e-01
 -3.40087381e-01 -3.60091707e-01 -3.75485799e-01 -3.86072567e-01
 -3.91716469e-01 -3.92345247e-01 -3.87950850e-01 -3.78589540e-01
 -3.64381169e-01 -3.45507646e-01 -3.22210608e-01 -2.94788325e-01
 -2.63591883e-01 -2.29020690e-01 -1.91517357e-01 -1.51562037e-01
 -1.09666278e-01 -6.63664669e-02 -2.22169699e-02  2.22169699e-02
  6.63664669e-02  1.09666278e-01  1.51562037e-01  1.91517357e-01
  2.29020690e-01  2.63591883e-01  2.94788325e-01  3.22210608e-01
  3.45507646e-01  3.64381169e-01  3.78589540e-01  3.87950850e-01
  3.92345247e-01  3.91716469e-01  3.86072567e-01  3.75485799e-01
  3.60091707e-01  3.40087381e-01  3.15728935e-01  2.87328229e-01
  2.55248875e-01  2.19901584e-01  1.81738906e-01  1.41249434e-01
  9.89515533e-02  5.53868015e-02  1.11129356e-02 -3.33032087e-02
 -7.72929738e-02 -1.20293161e-01 -1.61753242e-01 -2.01142405e-01
 -2.37956353e-01 -2.71723758e-01 -3.02012300e-01 -3.28434195e-01
 -3.50651165e-01 -3.68378767e-01 -3.81390036e-01 -3.89518390e-01
 -3.92659761e-01 -3.90773932e-01 -3.83885045e-01 -3.72081299e-01
 -3.55513816e-01 -3.34394710e-01 -3.08994367e-01 -2.79637987e-01
 -2.46701416e-01 -2.10606341e-01 -1.71814884e-01 -1.30823691e-01
 -8.81575700e-02 -4.43627721e-02 -1.15420242e-15  4.43627721e-02
  8.81575700e-02  1.30823691e-01  1.71814884e-01  2.10606341e-01
  2.46701416e-01  2.79637987e-01  3.08994367e-01  3.34394710e-01
  3.55513816e-01  3.72081299e-01  3.83885045e-01  3.90773932e-01
  3.92659761e-01  3.89518390e-01  3.81390036e-01  3.68378767e-01
  3.50651165e-01  3.28434195e-01  3.02012300e-01  2.71723758e-01
  2.37956353e-01  2.01142405e-01  1.61753242e-01  1.20293161e-01
  7.72929738e-02  3.33032087e-02 -1.11129356e-02 -5.53868015e-02
 -9.89515533e-02 -1.41249434e-01 -1.81738906e-01 -2.19901584e-01
 -2.55248875e-01 -2.87328229e-01 -3.15728935e-01 -3.40087381e-01
 -3.60091707e-01 -3.75485799e-01 -3.86072567e-01 -3.91716469e-01
 -3.92345247e-01 -3.87950850e-01 -3.78589540e-01 -3.64381169e-01
 -3.45507646e-01 -3.22210608e-01 -2.94788325e-01 -2.63591883e-01
 -2.29020690e-01 -1.91517357e-01 -1.51562037e-01 -1.09666278e-01
 -6.63664669e-02 -2.22169699e-02  2.22169699e-02  6.63664669e-02
  1.09666278e-01  1.51562037e-01  1.91517357e-01  2.29020690e-01
  2.63591883e-01  2.94788325e-01  3.22210608e-01  3.45507646e-01
  3.64381169e-01  3.78589540e-01  3.87950850e-01  3.92345247e-01
  3.91716469e-01  3.86072567e-01  3.75485799e-01  3.60091707e-01
  3.40087381e-01  3.15728935e-01  2.87328229e-01  2.55248875e-01
  2.19901584e-01  1.81738906e-01  1.41249434e-01  9.89515533e-02
  5.53868015e-02  1.11129356e-02 -3.33032087e-02 -7.72929738e-02
 -1.20293161e-01 -1.61753242e-01 -2.01142405e-01 -2.37956353e-01
 -2.71723758e-01 -3.02012300e-01 -3.28434195e-01 -3.50651165e-01
 -3.68378767e-01 -3.81390036e-01 -3.89518390e-01 -3.92659761e-01
 -3.90773932e-01 -3.83885045e-01 -3.72081299e-01 -3.55513816e-01
 -3.34394710e-01 -3.08994367e-01 -2.79637987e-01 -2.46701416e-01
 -2.10606341e-01 -1.71814884e-01 -1.30823691e-01 -8.81575700e-02
 -4.43627721e-02 -1.34656949e-15  4.43627721e-02  8.81575700e-02
  1.30823691e-01  1.71814884e-01  2.10606341e-01  2.46701416e-01
  2.79637987e-01  3.08994367e-01  3.34394710e-01  3.55513816e-01
  3.72081299e-01  3.83885045e-01  3.90773932e-01  3.92659761e-01
  3.89518390e-01  3.81390036e-01  3.68378767e-01  3.50651165e-01
  3.28434195e-01  3.02012300e-01  2.71723758e-01  2.37956353e-01
  2.01142405e-01  1.61753242e-01  1.20293161e-01  7.72929738e-02
  3.33032087e-02 -1.11129356e-02 -5.53868015e-02 -9.89515533e-02
 -1.41249434e-01 -1.81738906e-01 -2.19901584e-01 -2.55248875e-01
 -2.87328229e-01 -3.15728935e-01 -3.40087381e-01 -3.60091707e-01
 -3.75485799e-01 -3.86072567e-01 -3.91716469e-01 -3.92345247e-01
 -3.87950850e-01 -3.78589540e-01 -3.64381169e-01 -3.45507646e-01
 -3.22210608e-01 -2.94788325e-01 -2.63591883e-01 -2.29020690e-01
 -1.91517357e-01 -1.51562037e-01 -1.09666278e-01 -6.63664669e-02
 -2.22169699e-02  2.22169699e-02  6.63664669e-02  1.09666278e-01
  1.51562037e-01  1.91517357e-01  2.29020690e-01  2.63591883e-01
  2.94788325e-01  3.22210608e-01  3.45507646e-01  3.64381169e-01
  3.78589540e-01  3.87950850e-01  3.92345247e-01  3.91716469e-01
  3.86072567e-01  3.75485799e-01  3.60091707e-01  3.40087381e-01
  3.15728935e-01  2.87328229e-01  2.55248875e-01  2.19901584e-01
  1.81738906e-01  1.41249434e-01  9.89515533e-02  5.53868015e-02
  1.11129356e-02 -3.33032087e-02 -7.72929738e-02 -1.20293161e-01
 -1.61753242e-01 -2.01142405e-01 -2.37956353e-01 -2.71723758e-01
 -3.02012300e-01 -3.28434195e-01 -3.50651165e-01 -3.68378767e-01
 -3.81390036e-01 -3.89518390e-01 -3.92659761e-01 -3.90773932e-01
 -3.83885045e-01 -3.72081299e-01 -3.55513816e-01 -3.34394710e-01
 -3.08994367e-01 -2.79637987e-01 -2.46701416e-01 -2.10606341e-01
 -1.71814884e-01 -1.30823691e-01 -8.81575700e-02 -4.43627721e-02
 -1.53893655e-15  4.43627721e-02  8.81575700e-02  1.30823691e-01
  1.71814884e-01  2.10606341e-01  2.46701416e-01  2.79637987e-01
  3.08994367e-01  3.34394710e-01  3.55513816e-01  3.72081299e-01
  3.83885045e-01  3.90773932e-01  3.92659761e-01  3.89518390e-01
  3.81390036e-01  3.68378767e-01  3.50651165e-01  3.28434195e-01
  3.02012300e-01  2.71723758e-01  2.37956353e-01  2.01142405e-01
  1.61753242e-01  1.20293161e-01  7.72929738e-02  3.33032087e-02
 -1.11129356e-02 -5.53868015e-02 -9.89515533e-02 -1.41249434e-01
 -1.81738906e-01 -2.19901584e-01 -2.55248875e-01 -2.87328229e-01
 -3.15728935e-01 -3.40087381e-01 -3.60091707e-01 -3.75485799e-01
 -3.86072567e-01 -3.91716469e-01 -3.92345247e-01 -3.87950850e-01
 -3.78589540e-01 -3.64381169e-01 -3.45507646e-01 -3.22210608e-01
 -2.94788325e-01 -2.63591883e-01 -2.29020690e-01 -1.91517357e-01
 -1.51562037e-01 -1.09666278e-01 -6.63664669e-02 -2.22169699e-02
  2.22169699e-02  6.63664669e-02  1.09666278e-01  1.51562037e-01
  1.91517357e-01  2.29020690e-01  2.63591883e-01  2.94788325e-01
  3.22210608e-01  3.45507646e-01  3.64381169e-01  3.78589540e-01
  3.87950850e-01  3.92345247e-01  3.91716469e-01  3.86072567e-01
  3.75485799e-01  3.60091707e-01  3.40087381e-01  3.15728935e-01
  2.87328229e-01  2.55248875e-01  2.19901584e-01  1.81738906e-01
  1.41249434e-01  9.89515533e-02  5.53868015e-02  1.11129356e-02
 -3.33032087e-02 -7.72929738e-02 -1.20293161e-01 -1.61753242e-01
 -2.01142405e-01 -2.37956353e-01 -2.71723758e-01 -3.02012300e-01
 -3.28434195e-01 -3.50651165e-01 -3.68378767e-01 -3.81390036e-01
 -3.89518390e-01 -3.92659761e-01 -3.90773932e-01 -3.83885045e-01
 -3.72081299e-01 -3.55513816e-01 -3.34394710e-01 -3.08994367e-01
 -2.79637987e-01 -2.46701416e-01 -2.10606341e-01 -1.71814884e-01
 -1.30823691e-01 -8.81575700e-02 -4.43627721e-02 -1.73130362e-15]
