-1.1586034448430325
-1.1586034602962678
-1.345083807719573
-1.4208937801384725
-2.107876149923324
-2.107876149923324
-2.107876149923324
-2.107876149923324
-2.107876149923324
-2.107876149923324
-2.107876149923324
-2.107876149923324
-2.107876149923324
-2.107876149923324
-2.107876149923324
-2.107876149923324
-2.107876149923324
-2.107876149923324
-2.107876149923324
-2.107876149923324
-2.107968960102142
-2.1079836373547702
-2.1079836373547702
-2.1079836373547702
-2.1079836373547702
-2.1079836373547702
-2.1079836373547702
-2.1079836373547702
-2.1079836373547702
-2.1104016806828643
-2.1104016806828643
-2.1104016806828643
-2.1104016806828643
-2.1104016806828643
-2.1104016806828643
-2.1104016806828643
-2.1104016806828643
-2.1104016806828643
-2.1104016806828643
-2.1104016806828643
-2.5217668468499053
-2.5217668468499053
-2.5218492581270606
-2.5218492581270606
-2.5218492581270606
-2.5218492581270606
-2.5218492581270606
-2.5218492581270606
-2.6981234080979304
-2.6981234080979304
-2.699201340285284
-2.699201340285284
