-1.995848955322209
-1.995848955322209
-1.4920463675857665
-1.553399895282298
-1.5534028952197725
-1.6008600461622695
-1.6008600461622695
-1.6008600461622695
-1.6015729724077492
-1.6046320058117773
-1.6046320058117773
-1.6046320058117773
-1.6046320058117773
-1.6046320058117773
-1.6046320058117773
-1.6046320058117773
-1.6046320058117773
-1.6046320058117773
-1.6046320058117773
-1.6696923892825137
-1.6696923892825137
-1.6696923892825137
-1.6696923892825137
-1.6696923892825137
-1.6696923892825137
-2.122665748348872
-2.138660251308618
-2.138660251308618
-2.1395451512846186
-2.1395451512846186
-2.1395451512846186
-2.14129714129434
-2.1655288999383018
-2.1655288999383018
-2.1655288999383018
-2.1655288999383018
-2.1655288999383018
-2.1655288999383018
-2.1655288999383018
-2.1655288999383018
-2.1655288999383018
-2.1655288999383018
-2.1655288999383018
-2.1655288999383018
-2.1655288999383018
-2.1655288999383018
-2.1655288999383018
-2.1655288999383018
-2.1655288999383018
-2.1655288999383018
-2.1655288999383018
-2.1655288999383018
-2.1655288999383018
